#  CASM1 scoring matrix. 
#  The matrix assigns a score for each possible substitution between Cα angles. 
#  CASM1 is a substitution matrix for short sequences (less than 30 aa).
   Q  W  E  R  T  Y  I  P  A  S  D  F  G  H  J  K  L  Z  X  C  V  B  N  M
Q  10  2 -2 -13 -13 -13 -13 -13 -13 -13 -13 -13 -13 -13 -13 -13 -13 -13 -13 -13 -13 -13 -2  2 
W  2  10 -2 -13 -13 -13 -13 -13 -13 -13 -13 -13 -13 -13 -13 -13 -13 -13 -13 -13 -13 -13 -2 -2 
E -2  2  10 -13 -13 -13 -13 -13 -13 -13 -13 -13 -13 -13 -13 -13 -13 -13 -13 -13 -13 -13 -2 -13 
R -13 -2  2  10  2 -2 -13 -13 -13 -13 -13 -13 -13 -13 -13 -13 -13 -13 -13 -13 -13 -13 -2 -13 
T -13 -13 -2  2  10  2 -2 -13 -13 -13 -13 -13 -13 -13 -13 -13 -13 -13 -13 -13 -13 -13 -2 -13 
Y -13 -13 -13 -2  2  10  2 -2 -13 -13 -13 -13 -13 -13 -13 -13 -13 -13 -13 -13 -13 -13 -2 -13 
I -13 -13 -13 -13 -2  2  10  2 -2 -13 -13 -13 -13 -13 -13 -13 -13 -13 -13 -13 -13 -13 -2 -13 
P -13 -13 -13 -13 -13 -2  2  10  2 -2 -13 -13 -13 -13 -13 -13 -13 -13 -13 -13 -13 -13 -2 -13
A -13 -13 -13 -13 -13 -13 -2  2  10  2 -2 -13 -13 -13 -13 -13 -13 -13 -13 -13 -13 -13 -2 -13
S -13 -13 -13 -13 -13 -13 -13 -2  2  10  2 -2 -13 -13 -13 -13 -13 -13 -13 -13 -13 -13 -2 -13 
D -13 -13 -13 -13 -13 -13 -13 -13 -2  2  10  2 -2 -13 -13 -13 -13 -13 -13 -13 -13 -13 -2 -13
F -13 -13 -13 -13 -13 -13 -13 -13 -13 -2  2  10  2 -2 -13 -13 -13 -13 -13 -13 -13 -13 -2 -13
G -13 -13 -13 -13 -13 -13 -13 -13 -13 -13 -2  2  10  2 -2 -13 -13 -13 -13 -13 -13 -13 -2 -13 
H -13 -13 -13 -13 -13 -13 -13 -13 -13 -13 -13 -2  2  10  2 -2 -13 -13 -13 -13 -13 -13 -2 -13
J -13 -13 -13 -13 -13 -13 -13 -13 -13 -13 -13 -13 -2  2  10  2 -2 -13 -13 -13 -13 -13 -2 -13
K -13 -13 -13 -13 -13 -13 -13 -13 -13 -13 -13 -13 -13 -2  2  10  2 -2 -13 -13 -13 -13 -2 -13 
L -13 -13 -13 -13 -13 -13 -13 -13 -13 -13 -13 -13 -13 -13 -2  2  10  2 -2 -13 -13 -13 -2 -13
Z -13 -13 -13 -13 -13 -13 -13 -13 -13 -13 -13 -13 -13 -13 -13 -2  2  10  2 -2 -13 -13 -2 -13
X -13 -13 -13 -13 -13 -13 -13 -13 -13 -13 -13 -13 -13 -13 -13 -13 -2  2  10  2 -2 -13 -2 -13
C -13 -13 -13 -13 -13 -13 -13 -13 -13 -13 -13 -13 -13 -13 -13 -13 -13 -2  2  10  2 -2 -2 -13 
V -13 -13 -13 -13 -13 -13 -13 -13 -13 -13 -13 -13 -13 -13 -13 -13 -13 -13 -2  2  10  2 -2 -13
B -13 -13 -13 -13 -13 -13 -13 -13 -13 -13 -13 -13 -13 -13 -13 -13 -13 -13 -13 -2  2  10  2 -2
N -2 -13 -2 -13 -13 -13 -13 -13 -13 -13 -13 -13 -13 -13 -13 -13 -13 -13 -13 -13 -2  2  10  2
M  2 -2 -13 -13 -13 -13 -13 -13 -13 -13 -13 -13 -13 -13 -13 -13 -13 -13 -13 -13 -13 -2  2  10
