#  CASM1 scoring matrix. 
#  The matrix assigns a score for each possible substitution between Cα angles. 
#  CASM1 is a substitution matrix for long sequences (more than 30 aa).
   Q  W  E  R  T  Y  I  P  A  S  D  F  G  H  J  K  L  Z  X  C  V  B  N  M
Q  8  4 -2 -7 -7 -7 -7 -7 -7 -7 -7 -7 -7 -7 -7 -7 -7 -7 -7 -7 -7 -7 -2  4 
W  4  8 -2 -7 -7 -7 -7 -7 -7 -7 -7 -7 -7 -7 -7 -7 -7 -7 -7 -7 -7 -7 -2 -2 
E -2  4  8 -7 -7 -7 -7 -7 -7 -7 -7 -7 -7 -7 -7 -7 -7 -7 -7 -7 -7 -7 -2 -7 
R -7 -2  4  8  4 -2 -7 -7 -7 -7 -7 -7 -7 -7 -7 -7 -7 -7 -7 -7 -7 -7 -2 -7 
T -7 -7 -2  4  8  4 -2 -7 -7 -7 -7 -7 -7 -7 -7 -7 -7 -7 -7 -7 -7 -7 -2 -7 
Y -7 -7 -7 -2  4  8  4 -2 -7 -7 -7 -7 -7 -7 -7 -7 -7 -7 -7 -7 -7 -7 -2 -7 
I -7 -7 -7 -7 -2  4  8  4 -2 -7 -7 -7 -7 -7 -7 -7 -7 -7 -7 -7 -7 -7 -2 -7 
P -7 -7 -7 -7 -7 -2  4  8  4 -2 -7 -7 -7 -7 -7 -7 -7 -7 -7 -7 -7 -7 -2 -7
A -7 -7 -7 -7 -7 -7 -2  4  8  4 -2 -7 -7 -7 -7 -7 -7 -7 -7 -7 -7 -7 -2 -7
S -7 -7 -7 -7 -7 -7 -7 -2  4  8  4 -2 -7 -7 -7 -7 -7 -7 -7 -7 -7 -7 -2 -7 
D -7 -7 -7 -7 -7 -7 -7 -7 -2  4  8  4 -2 -7 -7 -7 -7 -7 -7 -7 -7 -7 -2 -7
F -7 -7 -7 -7 -7 -7 -7 -7 -7 -2  4  8  4 -2 -7 -7 -7 -7 -7 -7 -7 -7 -2 -7
G -7 -7 -7 -7 -7 -7 -7 -7 -7 -7 -2  4  8  4 -2 -7 -7 -7 -7 -7 -7 -7 -2 -7 
H -7 -7 -7 -7 -7 -7 -7 -7 -7 -7 -7 -2  4  8  4 -2 -7 -7 -7 -7 -7 -7 -2 -7
J -7 -7 -7 -7 -7 -7 -7 -7 -7 -7 -7 -7 -2  4  8  4 -2 -7 -7 -7 -7 -7 -2 -7
K -7 -7 -7 -7 -7 -7 -7 -7 -7 -7 -7 -7 -7 -2  4  8  4 -2 -7 -7 -7 -7 -2 -7 
L -7 -7 -7 -7 -7 -7 -7 -7 -7 -7 -7 -7 -7 -7 -2  4  8  4 -2 -7 -7 -7 -2 -7
Z -7 -7 -7 -7 -7 -7 -7 -7 -7 -7 -7 -7 -7 -7 -7 -2  4  8  4 -2 -7 -7 -2 -7
X -7 -7 -7 -7 -7 -7 -7 -7 -7 -7 -7 -7 -7 -7 -7 -7 -2  4  8  4 -2 -7 -2 -7
C -7 -7 -7 -7 -7 -7 -7 -7 -7 -7 -7 -7 -7 -7 -7 -7 -7 -2  4  8  4 -2 -2 -7 
V -7 -7 -7 -7 -7 -7 -7 -7 -7 -7 -7 -7 -7 -7 -7 -7 -7 -7 -2  4  8  4 -2 -7
B -7 -7 -7 -7 -7 -7 -7 -7 -7 -7 -7 -7 -7 -7 -7 -7 -7 -7 -7 -2  4  8  4 -2
N -2 -7 -7 -7 -7 -7 -7 -7 -7 -7 -7 -7 -7 -7 -7 -7 -7 -7 -7 -7 -2  4  8  4
M  4 -2 -7 -7 -7 -7 -7 -7 -7 -7 -7 -7 -7 -7 -7 -7 -7 -7 -7 -7 -7 -2  4  8
